data:
  mean: [0.5070751592371323, 0.48654887331495095, 0.4409178433670343]
  std: [0.2673342858792401, 0.2564384629170883, 0.27615047132568404]
  batch_size: 128

model:
  type: 'cnn'
  in_channels: 3
  img_size: 224
  num_conv_layers: 3
  num_filters: [32, 64, 108]
  linear_dim: 768
  kernel_size: 3
  num_classes: 100

training:
  learning_rate: 0.0005
  num_epochs: 40
  save_path: './save_model_path/cnn'
  device: 'cuda' # or 'cpu'